53
84
46
33
62
32
49
83
46
142
78
57
60
45
23
66
49
51
51
80
46
73
80
42
48
36
69
36
69
70
59
39
47
82
30
63
84
65
52
135
165
85
55
31
124
44
30
46
41
40
76
48
19
39
50
74
51
42
39
55
50
71
34
38
65
42
92
81
80
45
47
24
95
69
79
64
24
45
28
24
82
70
31
83
85
90
50
35
70
59
47
28
21
33
36
82
57
38
123
48
54
99
72
121
60
56
45
32
41
53
35
57
86
36
53
38
40
29
31
99
59
174
53
118
56
66
35
39
50
73
34
59
79
118
26
46
110
38
54
42
117
74
41
48
36
108
58
40
59
86
38
33
40
75
79
36
80
20
35
80
56
41
66
146
77
34
34
28
81
54
52
123
81
32
31
43
29
165
41
83
40
97
46
54
49
27
65
40
89
59
36
39
41
53
44
45
131
60
49
39
81
35
29
37
58
43
58
261
44
147
42
45
54
52
56
26
91
52
130
29
59
41
41
63
44
49
46
80
39
36
69
38
85
45
34
58
24
36
134
50
58
64
31
61
57
56
51
49
38
27
96
47
36
57
42
58
68
82
80
31
67
69
51
70
139
217
64
58
37
38
190
51
36
63
50
35
43
57
51
41
182
41
73
59
57
66
36
25
45
37
29
44
46
68
56
62
55
51
35
48
41
88
71
53
84
65
41
53
36
80
81
35
53
54
38
41
39
87
59
52
104
51
73
50
74
77
37
66
99
87
52
69
44
39
115
33
35
50
37
42
40
26
48
36
40
40
47
47
40
44
106
31
37
63
52
73
63
84
46
75
78
46
55
78
75
56
33
35
29
46
42
27
31
64
43
70
55
37
47
37
67
34
48
48
27
37
37
57
47
45
36
87
71
87
36
61
81
81
34
64
53
60
55
30
85
57
26
97
91
46
101
72
46
40
29
126
76
53
42
59
118
44
58
50
35
52
153
16
133
57
40
36
102
70
23
48
32
33
43
62
40
36
82
60
53
37
89
46
59
140
81
93
29
33
56
97
33
29
55
35
50
41
33
51
62
41
84
45
92
41
72
111
112
20
72
111
47
73
60
38
58
54
49
57
30
42
74
64
45
59
55
37
58
40
79
27
58
110
27
68
38
52
52
48
58
308
33
50
46
46
49
40
77
58
89
40
103
31
42
53
54
60
46
45
51
65
81
95
36
40
46
41
61
75
40
34
77
58
58
60
27
53
61
150
90
57
96
62
33
55
162
105
29
77
43
42
128
60
19
53
43
120
62
47
95
53
48
87
136
63
39
42
41
27
46
40
42
62
59
34
39
69
76
76
162
69
37
35
42
72
79
62
117
53
60
91
53
61
49
45
41
32
29
53
54
78
55
70
35
81
35
47
24
49
71
119
67
72
61
63
73
39
39
78
52
66
78
37
40
57
54
74
60
49
164
77
46
49
52
74
38
65
72
57
35
28
46
64
70
24
51
28
66
40
50
42
27
53
35
58
105
30
59
54
40
143
62
25
78
50
28
37
48
32
58
64
34
34
38
27
48
27
79
78
67
52
42
49
176
59
39
30
69
31
50
53
27
50
42
107
57
54
53
68
35
32
59
28
63
59
61
52
36
42
42
51
46
24
47
43
45
29
50
128
98
101
51
49
143
63
85
47
41
29
68
50
57
92
68
49
48
50
33
41
57
81
48
78
96
49
42
53
55
83
53
44
105
67
78
76
43
69
50
32
104
30
59
66
82
105
30
65
76
57
96
46
35
42
78
42
48
85
64
21
57
57
99
81
43
58
32
58
58
49
52
57
37
73
56
119
45
69
69
53
57
43
25
39
39
60
65
36
52
65
64
48
46
34
41
76
67
60
152
76
54
108
36
39
59
51
48
52
53
78
64
73
33
41
50
52
34
54
66
44
65
115
60
74
33
78
74
68
38
102
73
39
52
39
58
33
79
50
64
47
70
22
35
113
41
73
82
56
67
48
48
44
28
84
36
36
59
47
55
80
49
40
119
62
46
116
47
31
32
55
42
61
62
60
39
106
42
38
55
40
39
31
59
41
30
19
36
57
79
95
24
57
37
96
135
81
28
69
50
72
59
54
112
74
46
84
117
39
54
57
58
25
61
37
104
41
53
113
86
31
71
31
217
45
42
45
106
57
32
67
43
45
87
45
41
46
70
79
68
47
50
25
91
27
50
39
67
25
60
42
57
72
44
57
39
62
67
41
41
52
181
30
30
38
74
62
70
52
40
68
40
71
59
69
48
59
